filename:pikachu


*Base Body Cube
cube[0,0,0, 10,9,12, 255,255,0]


*Brown Strips
cube[0,8,6, 10,9,7, 139,69,19]
cube[0,8,9, 10,9,10, 139,69,19]


*ears
cube[2,9,2, 3,15,2, 255,255,0]
cube[2,14,2, 3,15,2, 0,0,0]
cube[8,9,2, 7,15,2, 255,255,0]
cube[8,14,2, 7,15,2, 0,0,0]


*Feet
cube[1,-1,2, 3,-3,3, 255,255,0]
cube[1,-3,1, 3,-3,1, 255,255,0]

cube[9,-1,2, 7,-3,3, 255,255,0]
cube[9,-3,1, 7,-3,1, 255,255,0]

cube[1,-1,9, 3,-3,10, 255,255,0]
cube[1,-3,8, 3,-3,8, 255,255,0]

cube[9,-1,9, 7,-3,10, 255,255,0]
cube[9,-3,8, 7,-3,8, 255,255,0]


*Tail
cube[4,8,13, 6,13,13, 255,255,0]
cube[6,11,13, 10,13,13, 255,255,0]
cube[7,14,13, 10,18,13, 255,255,0]


*cheeks and mouth
cube[1,2,0, 2,3,0, 255,0,0]
cube[4,2,0, 6,3,0, 150,0,0]
cube[4,2,0, 6,2,0, 255,192,203]
cube[8,2,0, 9,3,0, 255,0,0]

*nose
voxel[5,4,0, 0,0,0]

*eyes
cube[2,6,0, 3,7,0, 0,0,0]
voxel[3,7,0, 255,255,255]
cube[8,7,0, 7,6,0, 0,0,0]
voxel[7,7,0, 255,255,255]